1
24
29
39
58
77
94
96
106
107
113
137
154
155
161
208
219
225
234
281
291
297
299
314
322
324
337
347
362
377
421
436
477
486
495
497
507
517
529
554
555
557
602
603
626
627
628
632
635
643
648
649
653
703
709
726
730
731
732
742
753
754
755
762
767
770
774
775
802
806
815
816
827
838
844
847
848
849
873
874
886
902
906
923
927
945
946
947
948
964
968
984
1001
1003
1009
1011
1012
1013
1055
1074
1076
1077
1078
1079
1080
1081
1082
1083
1085
1086
1094
1095
1114
1117
1125
1126
1127
1128
1131
1153
1160
1166
1188
1195
1316
1317
1345
1362
1366
1391
1392
1429
1500
1509
1513
1551
1560
1585
1588
1612
1617
1625
1626
1632
1649
1659
1669
1675
1677
1701
1728
1730
1752
1753
1802
1827
1828
1831
1842
1860
1866
1867
1954
1987
2020
2053
2115
2167
2219
2271
2410
2478
2543
2553
2600
2615
2674
2701
2708
2711
2719
2747
2764
2810
2822
2874
2898
2901
2920
2928
2936
2951
2953
3002
3004
3012
3013
3041
3087
3122
3126
3134
3137
3157
3168
3253
3280
3292
3312
3331
3362
3381
3439
3449
3459
3460
3461
3492
3551
3552
3562
3563
3569
3610
3626
3630
3649
3741
3754
3798
3875
3912
3922
3944
3958
4075
4197
4286
4293
4295
4364
4408
4425
4437
4444
4458
4459
4460
4469
4475
4582
4620
4621
4689
4701
4711
4712
4713
